   This run is for CO      
                         _____________SUBSOLAR__________ __________ISOTHERMAL___________
 r_H  log(r) A_vis A_ir   T     Pv        Z       log(Z)   T     Pv         Z      log(Z)
 [AU]                     [K] [dyn/cm^2]   [cm^-2 s^-1]    [K] [dyn/cm^2]   [cm^-2 s^-1]
 0.10-1.000 0.050 0.000  51.1 1.362E+03 9.463E+20 20.976  49.6 3.345E+02 2.360E+20 20.373
 0.13-0.900 0.050 0.000  50.6 8.541E+02 5.965E+20 20.776  49.1 2.098E+02 1.487E+20 20.172
 0.16-0.800 0.050 0.000  50.1 5.357E+02 3.760E+20 20.575  48.6 1.316E+02 9.378E+19 19.972
 0.20-0.700 0.050 0.000  49.6 3.362E+02 2.371E+20 20.375  48.1 8.263E+01 5.915E+19 19.772
 0.25-0.600 0.050 0.000  49.1 2.108E+02 1.495E+20 20.175  47.7 5.183E+01 3.728E+19 19.572
 0.32-0.500 0.050 0.000  48.6 1.323E+02 9.426E+19 19.974  47.2 3.254E+01 2.352E+19 19.371
 0.40-0.400 0.050 0.000  48.1 8.301E+01 5.942E+19 19.774  46.8 2.042E+01 1.483E+19 19.171
 0.50-0.300 0.050 0.000  47.7 5.209E+01 3.746E+19 19.574  46.4 1.281E+01 9.348E+18 18.971
 0.63-0.200 0.050 0.000  47.2 3.269E+01 2.362E+19 19.373  45.9 8.043E+00 5.894E+18 18.770
 0.79-0.100 0.050 0.000  46.8 2.052E+01 1.490E+19 19.173  45.5 5.049E+00 3.717E+18 18.570
 1.00 0.000 0.050 0.000  46.4 1.288E+01 9.393E+18 18.973  45.1 3.169E+00 2.344E+18 18.370
 1.26 0.100 0.050 0.000  45.9 8.083E+00 5.923E+18 18.773  44.7 1.989E+00 1.478E+18 18.170
 1.58 0.200 0.050 0.000  45.5 5.073E+00 3.735E+18 18.572  44.3 1.248E+00 9.313E+17 17.969
 2.00 0.300 0.050 0.000  45.1 3.184E+00 2.355E+18 18.372  43.9 7.831E-01 5.869E+17 17.769
 2.51 0.400 0.050 0.000  44.7 1.999E+00 1.485E+18 18.172  43.5 4.911E-01 3.697E+17 17.568
 3.16 0.500 0.050 0.000  44.3 1.254E+00 9.357E+17 17.971  43.2 3.078E-01 2.327E+17 17.367
 3.98 0.600 0.050 0.000  43.9 7.869E-01 5.897E+17 17.771  42.8 1.927E-01 1.463E+17 17.165
 5.01 0.700 0.050 0.000  43.5 4.935E-01 3.714E+17 17.570  42.4 1.204E-01 9.182E+16 16.963
 6.31 0.800 0.050 0.000  43.2 3.093E-01 2.338E+17 17.369  42.1 7.508E-02 5.748E+16 16.760
 7.94 0.900 0.050 0.000  42.8 1.936E-01 1.470E+17 17.167  41.7 4.661E-02 3.584E+16 16.554
10.00 1.000 0.050 0.000  42.4 1.210E-01 9.227E+16 16.965  41.4 2.875E-02 2.220E+16 16.346
12.59 1.100 0.050 0.000  42.1 7.545E-02 5.776E+16 16.762  41.0 1.755E-02 1.361E+16 16.134
15.85 1.200 0.050 0.000  41.7 4.684E-02 3.601E+16 16.556  40.6 1.053E-02 8.205E+15 15.914
19.95 1.300 0.050 0.000  41.4 2.889E-02 2.231E+16 16.348  40.3 6.147E-03 4.811E+15 15.682
25.12 1.400 0.050 0.000  41.0 1.764E-02 1.368E+16 16.136  39.9 3.416E-03 2.687E+15 15.429
