   This run is for H2O     
                         _____________SUBSOLAR__________ __________ISOTHERMAL___________
 r_H  log(r) A_vis A_ir   T     Pv        Z       log(Z)   T     Pv         Z      log(Z)
 [AU]                     [K] [dyn/cm^2]   [cm^-2 s^-1]    [K] [dyn/cm^2]   [cm^-2 s^-1]
 0.10-1.000 0.050 0.000 244.2 4.253E+02 1.686E+20 20.227 231.1 1.025E+02 4.177E+19 19.621
 0.13-0.900 0.050 0.000 239.7 2.651E+02 1.061E+20 20.026 227.0 6.384E+01 2.624E+19 19.419
 0.16-0.800 0.050 0.000 235.3 1.653E+02 6.674E+19 19.824 223.1 3.972E+01 1.647E+19 19.217
 0.20-0.700 0.050 0.000 231.1 1.030E+02 4.198E+19 19.623 219.3 2.469E+01 1.033E+19 19.014
 0.25-0.600 0.050 0.000 227.1 6.416E+01 2.637E+19 19.421 215.6 1.530E+01 6.454E+18 18.810
 0.32-0.500 0.050 0.000 223.2 3.994E+01 1.656E+19 19.219 212.0 9.450E+00 4.020E+18 18.604
 0.40-0.400 0.050 0.000 219.4 2.481E+01 1.038E+19 19.016 208.5 5.801E+00 2.488E+18 18.396
 0.50-0.300 0.050 0.000 215.7 1.538E+01 6.486E+18 18.812 205.1 3.529E+00 1.527E+18 18.184
 0.63-0.200 0.050 0.000 212.1 9.495E+00 4.039E+18 18.606 201.6 2.117E+00 9.235E+17 17.965
 0.79-0.100 0.050 0.000 208.6 5.831E+00 2.501E+18 18.398 198.1 1.242E+00 5.466E+17 17.738
 1.00 0.000 0.050 0.000 205.1 3.548E+00 1.535E+18 18.186 194.5 7.018E-01 3.117E+17 17.494
 1.26 0.100 0.050 0.000 201.6 2.129E+00 9.286E+17 17.968 190.7 3.715E-01 1.666E+17 17.222
 1.58 0.200 0.050 0.000 198.2 1.249E+00 5.496E+17 17.740 186.3 1.736E-01 7.878E+16 16.896
 2.00 0.300 0.050 0.000 194.6 7.061E-01 3.136E+17 17.496 180.6 6.115E-02 2.819E+16 16.450
 2.51 0.400 0.050 0.000 190.7 3.741E-01 1.678E+17 17.225 171.2 9.510E-03 4.502E+15 15.653
 3.16 0.500 0.050 0.000 186.3 1.751E-01 7.947E+16 16.900 155.2 2.388E-04 1.187E+14 14.075
 3.98 0.600 0.050 0.000 180.6 6.198E-02 2.857E+16 16.456 138.4 1.987E-06 1.046E+12 12.020
 5.01 0.700 0.050 0.000 171.3 9.764E-03 4.621E+15 15.665 123.4 8.931E-09 4.980E+09  9.697
 6.31 0.800 0.050 0.000 155.4 2.497E-04 1.241E+14 14.094 110.0 2.075E-11 1.226E+07  7.088
 7.94 0.900 0.050 0.000 138.6 2.091E-06 1.100E+12 12.041  98.0 2.301E-14 1.440E+04  4.158
10.00 1.000 0.050 0.000 123.5 9.458E-09 5.271E+09  9.722  87.4 1.112E-17 7.370E+00  0.867
12.59 1.100 0.050 0.000 110.1 2.214E-11 1.307E+07  7.116  77.9 2.118E-21 1.487E-03 -2.828
15.85 1.200 0.050 0.000  98.1 2.472E-14 1.546E+04  4.189  69.4 1.416E-25 1.053E-07 -6.978
19.95 1.300 0.050 0.000  87.5 1.205E-17 7.978E+00  0.902  61.8 2.931E-30 2.308E-12-11.637
25.12 1.400 0.050 0.000  77.9 2.317E-21 1.626E-03 -2.789  55.1 1.629E-35 1.359E-17-16.867
