Obl. is obliquity, 90 - angle between rotation axis and solar direction.
 Species   Obl.   r_H  log(r) A_vis A_ir    <Z>      Log(<Z>)
 H2O       90.0   0.10 -1.000  0.05 0.00  4.202E+19 19.623
 H2O       90.0   0.13 -0.900  0.05 0.00  2.643E+19 19.422
 H2O       90.0   0.16 -0.800  0.05 0.00  1.661E+19 19.220
 H2O       90.0   0.20 -0.700  0.05 0.00  1.044E+19 19.019
 H2O       90.0   0.25 -0.600  0.05 0.00  6.547E+18 18.816
 H2O       90.0   0.32 -0.500  0.05 0.00  4.101E+18 18.613
 H2O       90.0   0.40 -0.400  0.05 0.00  2.560E+18 18.408
 H2O       90.0   0.50 -0.300  0.05 0.00  1.591E+18 18.202
 H2O       90.0   0.63 -0.200  0.05 0.00  9.822E+17 17.992
 H2O       90.0   0.79 -0.100  0.05 0.00  6.003E+17 17.778
 H2O       90.0   1.00  0.000  0.05 0.00  3.610E+17 17.557
 H2O       90.0   1.26  0.100  0.05 0.00  2.119E+17 17.326
 H2O       90.0   1.58  0.200  0.05 0.00  1.196E+17 17.078
 H2O       90.0   2.00  0.300  0.05 0.00  6.342E+16 16.802
 H2O       90.0   2.51  0.400  0.05 0.00  3.019E+16 16.480
 H2O       90.0   3.16  0.500  0.05 0.00  1.179E+16 16.072
 H2O       90.0   3.98  0.600  0.05 0.00  3.052E+15 15.485
 H2O       90.0   5.01  0.700  0.05 0.00  2.982E+14 14.475
 H2O       90.0   6.31  0.800  0.05 0.00  5.855E+12 12.767
 H2O       90.0   7.94  0.900  0.05 0.00  4.648E+10 10.667
 H2O       90.0  10.00  1.000  0.05 0.00  2.017E+08  8.305
 H2O       90.0  12.59  1.100  0.05 0.00  4.535E+05  5.657
 H2O       90.0  15.85  1.200  0.05 0.00  4.867E+02  2.687
 H2O       90.0  19.95  1.300  0.05 0.00  2.283E-01 -0.641
 H2O       90.0  25.12  1.400  0.05 0.00  4.236E-05 -4.373
