Obl. is obliquity, 90 - angle between rotation axis and solar direction.
 Species   Obl.   r_H  log(r) A_vis A_ir    <Z>      Log(<Z>)
 CO2       90.0   0.10 -1.000  0.05 0.00  7.493E+19 19.875
 CO2       90.0   0.13 -0.900  0.05 0.00  4.724E+19 19.674
 CO2       90.0   0.16 -0.800  0.05 0.00  2.978E+19 19.474
 CO2       90.0   0.20 -0.700  0.05 0.00  1.878E+19 19.274
 CO2       90.0   0.25 -0.600  0.05 0.00  1.183E+19 19.073
 CO2       90.0   0.32 -0.500  0.05 0.00  7.455E+18 18.872
 CO2       90.0   0.40 -0.400  0.05 0.00  4.695E+18 18.672
 CO2       90.0   0.50 -0.300  0.05 0.00  2.955E+18 18.470
 CO2       90.0   0.63 -0.200  0.05 0.00  1.858E+18 18.269
 CO2       90.0   0.79 -0.100  0.05 0.00  1.166E+18 18.067
 CO2       90.0   1.00  0.000  0.05 0.00  7.303E+17 17.863
 CO2       90.0   1.26  0.100  0.05 0.00  4.556E+17 17.659
 CO2       90.0   1.58  0.200  0.05 0.00  2.825E+17 17.451
 CO2       90.0   2.00  0.300  0.05 0.00  1.735E+17 17.239
 CO2       90.0   2.51  0.400  0.05 0.00  1.050E+17 17.021
 CO2       90.0   3.16  0.500  0.05 0.00  6.206E+16 16.793
 CO2       90.0   3.98  0.600  0.05 0.00  3.529E+16 16.548
 CO2       90.0   5.01  0.700  0.05 0.00  1.880E+16 16.274
 CO2       90.0   6.31  0.800  0.05 0.00  8.904E+15 15.950
 CO2       90.0   7.94  0.900  0.05 0.00  3.333E+15 15.523
 CO2       90.0  10.00  1.000  0.05 0.00  6.937E+14 14.841
 CO2       90.0  12.59  1.100  0.05 0.00  1.502E+13 13.177
 CO2       90.0  15.85  1.200  0.05 0.00  4.786E+09  9.680
 CO2       90.0  19.95  1.300  0.05 0.00  4.144E+05  5.617
 CO2       90.0  25.12  1.400  0.05 0.00  1.120E+01  1.049
