Obl. is obliquity, 90 - angle between rotation axis and solar direction.
 Species   Obl.   r_H  log(r) A_vis A_ir    <Z>      Log(<Z>)
 CO        90.0   0.10 -1.000  0.05 0.00  2.363E+20 20.374
 CO        90.0   0.13 -0.900  0.05 0.00  1.490E+20 20.173
 CO        90.0   0.16 -0.800  0.05 0.00  9.392E+19 19.973
 CO        90.0   0.20 -0.700  0.05 0.00  5.923E+19 19.773
 CO        90.0   0.25 -0.600  0.05 0.00  3.733E+19 19.572
 CO        90.0   0.32 -0.500  0.05 0.00  2.354E+19 19.372
 CO        90.0   0.40 -0.400  0.05 0.00  1.484E+19 19.172
 CO        90.0   0.50 -0.300  0.05 0.00  9.359E+18 18.971
 CO        90.0   0.63 -0.200  0.05 0.00  5.901E+18 18.771
 CO        90.0   0.79 -0.100  0.05 0.00  3.722E+18 18.571
 CO        90.0   1.00  0.000  0.05 0.00  2.346E+18 18.370
 CO        90.0   1.26  0.100  0.05 0.00  1.480E+18 18.170
 CO        90.0   1.58  0.200  0.05 0.00  9.328E+17 17.970
 CO        90.0   2.00  0.300  0.05 0.00  5.880E+17 17.769
 CO        90.0   2.51  0.400  0.05 0.00  3.706E+17 17.569
 CO        90.0   3.16  0.500  0.05 0.00  2.335E+17 17.368
 CO        90.0   3.98  0.600  0.05 0.00  1.470E+17 17.167
 CO        90.0   5.01  0.700  0.05 0.00  9.252E+16 16.966
 CO        90.0   6.31  0.800  0.05 0.00  5.813E+16 16.764
 CO        90.0   7.94  0.900  0.05 0.00  3.646E+16 16.562
 CO        90.0  10.00  1.000  0.05 0.00  2.279E+16 16.358
 CO        90.0  12.59  1.100  0.05 0.00  1.418E+16 16.152
 CO        90.0  15.85  1.200  0.05 0.00  8.750E+15 15.942
 CO        90.0  19.95  1.300  0.05 0.00  5.335E+15 15.727
 CO        90.0  25.12  1.400  0.05 0.00  3.192E+15 15.504
