   This run is for CO2     
                         _____________SUBSOLAR__________ __________ISOTHERMAL___________
 r_H  log(r) A_vis A_ir   T     Pv        Z       log(Z)   T     Pv         Z      log(Z)
 [AU]                     [K] [dyn/cm^2]   [cm^-2 s^-1]    [K] [dyn/cm^2]   [cm^-2 s^-1]
 0.10-1.000 0.050 0.000 136.9 8.860E+02 3.000E+20 20.477 133.4 2.181E+02 7.482E+19 19.874
 0.13-0.900 0.050 0.000 135.7 5.562E+02 1.891E+20 20.277 132.3 1.369E+02 4.716E+19 19.674
 0.16-0.800 0.050 0.000 134.6 3.491E+02 1.192E+20 20.076 131.2 8.594E+01 2.972E+19 19.473
 0.20-0.700 0.050 0.000 133.4 2.193E+02 7.520E+19 19.876 130.1 5.395E+01 1.874E+19 19.273
 0.25-0.600 0.050 0.000 132.3 1.376E+02 4.739E+19 19.676 129.1 3.383E+01 1.180E+19 19.072
 0.32-0.500 0.050 0.000 131.2 8.638E+01 2.987E+19 19.475 128.0 2.122E+01 7.430E+18 18.871
 0.40-0.400 0.050 0.000 130.1 5.420E+01 1.882E+19 19.275 127.0 1.329E+01 4.673E+18 18.670
 0.50-0.300 0.050 0.000 129.1 3.400E+01 1.186E+19 19.074 126.0 8.316E+00 2.936E+18 18.468
 0.63-0.200 0.050 0.000 128.0 2.132E+01 7.464E+18 18.873 125.0 5.192E+00 1.840E+18 18.265
 0.79-0.100 0.050 0.000 127.0 1.336E+01 4.696E+18 18.672 124.0 3.232E+00 1.150E+18 18.061
 1.00 0.000 0.050 0.000 126.0 8.357E+00 2.950E+18 18.470 123.0 2.002E+00 7.151E+17 17.854
 1.26 0.100 0.050 0.000 125.0 5.219E+00 1.849E+18 18.267 122.0 1.230E+00 4.411E+17 17.645
 1.58 0.200 0.050 0.000 124.0 3.248E+00 1.156E+18 18.063 121.0 7.459E-01 2.687E+17 17.429
 2.00 0.300 0.050 0.000 123.0 2.012E+00 7.186E+17 17.856 120.0 4.430E-01 1.602E+17 17.205
 2.51 0.400 0.050 0.000 122.0 1.236E+00 4.433E+17 17.647 118.9 2.538E-01 9.222E+16 16.965
 3.16 0.500 0.050 0.000 121.0 7.498E-01 2.700E+17 17.431 117.7 1.362E-01 4.975E+16 16.697
 3.98 0.600 0.050 0.000 120.0 4.454E-01 1.611E+17 17.207 116.3 6.393E-02 2.349E+16 16.371
 5.01 0.700 0.050 0.000 118.9 2.553E-01 9.278E+16 16.967 114.3 2.097E-02 7.769E+15 15.890
 6.31 0.800 0.050 0.000 117.7 1.372E-01 5.009E+16 16.700 109.4 1.097E-03 4.157E+14 14.619
 7.94 0.900 0.050 0.000 116.3 6.451E-02 2.370E+16 16.375  98.0 4.102E-07 1.641E+11 11.215
10.00 1.000 0.050 0.000 114.3 2.129E-02 7.889E+15 15.897  87.4 3.645E-11 1.545E+07  7.189
12.59 1.100 0.050 0.000 109.4 1.162E-03 4.402E+14 14.644  77.9 1.005E-15 4.513E+02  2.654
15.85 1.200 0.050 0.000  98.1 4.475E-07 1.790E+11 11.253  69.4 7.514E-21 3.574E-03 -2.447
19.95 1.300 0.050 0.000  87.5 4.020E-11 1.703E+07  7.231  61.8 1.317E-26 6.632E-09 -8.178
25.12 1.400 0.050 0.000  77.9 1.122E-15 5.035E+02  2.702  55.1 4.564E-33 2.435E-15-14.613
